# R script for Peak Model
#  -- generated by MACS
p <- c(0.028980978968412997,0.03283001523765535,0.0366790515068977,0.04120732947071223,0.04528277963814531,0.04369788235081022,0.04482995184176385,0.04369788235081022,0.04324505455442877,0.04301864065623804,0.04052808777614005,0.0409809155725215,0.0409809155725215,0.03984884608156787,0.039622432183377146,0.038490362692423515,0.0366790515068977,0.03599980981232552,0.03645263760870697,0.03713187930327915,0.037358293201469876,0.037358293201469876,0.038943190488804964,0.04030167387794933,0.04052808777614005,0.04256581285985659,0.04482995184176385,0.045056365739954585,0.04482995184176385,0.0443771240453824,0.04528277963814531,0.045509193536336034,0.045056365739954585,0.04256581285985659,0.04415071014719168,0.04369788235081022,0.042339398961665865,0.04324505455442877,0.04256581285985659,0.04482995184176385,0.043924296249000946,0.042792226758047315,0.04188657116528441,0.0443771240453824,0.042112985063475133,0.04256581285985659,0.04188657116528441,0.04143374336890296,0.043924296249000946,0.04188657116528441,0.042339398961665865,0.04415071014719168,0.04324505455442877,0.041660157267093684,0.042792226758047315,0.04301864065623804,0.045056365739954585,0.04528277963814531,0.04256581285985659,0.045056365739954585,0.04460353794357313,0.04324505455442877,0.04641484912909894,0.04845257421281548,0.046641263027289666,0.04754691862005257,0.04732050472186185,0.04709409082367112,0.04845257421281548,0.046188435230908216,0.04709409082367112,0.04913181590738766,0.04686767692548039,0.045056365739954585,0.045509193536336034,0.043924296249000946,0.041660157267093684,0.042112985063475133,0.042112985063475133,0.046188435230908216,0.04482995184176385,0.04324505455442877,0.04324505455442877,0.0443771240453824,0.045509193536336034,0.046188435230908216,0.046641263027289666,0.048678988111006204,0.04754691862005257,0.04369788235081022,0.0434714684526195,0.04415071014719168,0.043924296249000946,0.04460353794357313,0.046188435230908216,0.046641263027289666,0.049358229805578385,0.04913181590738766,0.052075196583867105,0.05298085217663001,0.05162236878748565,0.05071671319472274,0.05071671319472274,0.052754438278439286,0.05162236878748565,0.05026388539834129,0.04732050472186185,0.046641263027289666,0.04460353794357313,0.04256581285985659,0.04799974641643403,0.048905402009196935,0.04958464370376911,0.04528277963814531,0.04686767692548039,0.04845257421281548,0.0511695409911042,0.05162236878748565,0.05298085217663001,0.05660347454768164,0.0545657494639651,0.0511695409911042,0.05230161048205783,0.053207266074820736,0.05388650776939292,0.05366009387120219,0.0511695409911042,0.05003747150015057,0.04845257421281548,0.04482995184176385,0.04482995184176385,0.04958464370376911,0.05003747150015057,0.05139595488929492,0.04958464370376911,0.04958464370376911,0.05049029929653202,0.05049029929653202,0.05003747150015057,0.04981105760195984,0.048678988111006204,0.04732050472186185,0.046641263027289666,0.04754691862005257,0.04845257421281548,0.04845257421281548,0.048678988111006204,0.04686767692548039,0.048905402009196935,0.052754438278439286,0.05366009387120219,0.05366009387120219,0.052528024380248554,0.052075196583867105,0.052754438278439286,0.053207266074820736,0.05411292166758364,0.05615064675130018,0.058641199631398175,0.059094027427779625,0.05818837183501672,0.059094027427779625,0.06067892471511471,0.059773269122351806,0.058641199631398175,0.05818837183501672,0.05796195793682599,0.059773269122351806,0.056377060649490905,0.05433933556577437,0.05750913014044454,0.05615064675130018,0.058641199631398175,0.059094027427779625,0.05818837183501672,0.05841478573320745,0.059320441325970356,0.06022609691873326,0.0622638220024498,0.06203740810425907,0.06045251081692399,0.061358166409686894,0.059094027427779625,0.05999968302054253,0.06067892471511471,0.06339589149340343,0.06452796098435706,0.061358166409686894,0.05999968302054253,0.0631694775952127,0.06090533861330544,0.061358166409686894,0.0622638220024498,0.06203740810425907,0.06294306369702198,0.058641199631398175,0.05615064675130018,0.05818837183501672,0.06045251081692399,0.05818837183501672,0.06045251081692399,0.06067892471511471,0.061358166409686894,0.061810994206068344,0.06362230539159416,0.06475437488254779,0.06769775555902724,0.06815058335540869,0.06520720267892924,0.06588644437350143,0.06588644437350143,0.0656600304753107,0.062490235900640526,0.06090533861330544,0.05841478573320745,0.059773269122351806,0.059094027427779625,0.0588676135295889,0.05954685522416108,0.059094027427779625,0.06045251081692399,0.0622638220024498,0.06430154708616634,0.06792416945721796,0.06769775555902724,0.06679209996626433,0.06611285827169215,0.06928265284636233,0.07154679182826959,0.07018830843912523,0.07132037793007887,0.07041472233731595,0.07041472233731595,0.06837699725359941,0.07199961962465104,0.07267886131922321,0.07313168911560468,0.07041472233731595,0.07222603352284176,0.07313168911560468,0.07018830843912523,0.06928265284636233,0.0708675501336974,0.07313168911560468,0.07177320572646032,0.07381093081017685,0.07199961962465104,0.07222603352284176,0.06950906674455305,0.07041472233731595,0.07222603352284176,0.0742637586065583,0.07222603352284176,0.07154679182826959,0.07267886131922321,0.07199961962465104,0.07539582809751194,0.07539582809751194,0.07562224199570267,0.07652789758846557,0.07675431148665629,0.07516941419932122,0.07539582809751194,0.07471658640293975,0.07381093081017685,0.07449017250474903,0.07290527521741394,0.07403734470836758,0.07539582809751194,0.07811279487580065,0.0776599670794192,0.07901845046856357,0.08128258945047083,0.08286748673780592,0.08513162571971318,0.08671652300704827,0.08988631758171843,0.08898066198895553,0.0887542480907648,0.08467879792333173,0.08513162571971318,0.08513162571971318,0.08490521182152246,0.08422597012695027,0.08150900334866155,0.0810561755522801,0.07811279487580065,0.07652789758846557,0.0785656226721821,0.08128258945047083,0.08241465894142445,0.08332031453418737,0.08422597012695027,0.08649010910885754,0.08671652300704827,0.086942936905239,0.08739576470162044,0.08988631758171843,0.0912448009708628,0.09169762876724424,0.09147121486905352,0.09260328436000716,0.09192404266543497,0.0896599036835277,0.09192404266543497,0.09373535385096078,0.09849004571296605,0.10052777079668258,0.10052777079668258,0.10120701249125476,0.10075418469487331,0.10279190977858985,0.10641453214964147,0.10867867113154873,0.11048998231707455,0.10709377384421365,0.10460322096411566,0.10482963486230638,0.10392397926954348,0.10347115147316203,0.10415039316773421,0.10188625418582695,0.09758439012020313,0.09871645961115677,0.09645232062924951,0.09962211520391968,0.10165984028763622,0.10143342638944548,0.10347115147316203,0.10596170435326002,0.10890508502973946,0.11116922401164674,0.11230129350260036,0.1100371545206931,0.11026356841888382,0.1091314989279302,0.10686735994602292,0.10845225723335801,0.10777301553878584,0.10777301553878584,0.11048998231707455,0.10890508502973946,0.11230129350260036,0.11728239926279635,0.12090502163384798,0.12135784943022943,0.12656536908861613,0.12905592196871413,0.12905592196871413,0.12950874976509558,0.12679178298680685,0.1279238524777605,0.12475405790309033,0.12316916061575524,0.12294274671756451,0.12430123010670888,0.12135784943022943,0.11909371044832216,0.12067860773565725,0.12181067722661088,0.12090502163384798,0.12248991892118306,0.12928233586690485,0.12815026637595123,0.12769743857956978,0.12656536908861613,0.1263389551904254,0.1279238524777605,0.12701819688499758,0.12498047180128105,0.12815026637595123,0.12837668027414195,0.12611254129223468,0.12815026637595123,0.12769743857956978,0.13041440535785848,0.13154647484881213,0.13041440535785848,0.12996157756147703,0.13018799145966775,0.1279238524777605,0.12679178298680685,0.12656536908861613,0.12565971349585323,0.12611254129223468,0.12520688569947178,0.12565971349585323,0.12769743857956978,0.12860309417233268,0.1297351636632863,0.13426344162710083,0.13811247789634318,0.13788606399815245,0.14128227247101335,0.14264075586015773,