# R script for Peak Model
#  -- generated by MACS
p <- c(0.02875976393985758,0.032498533252039066,0.034943113186926965,0.03882568131880774,0.04270824945068851,0.043427243549184945,0.04357104236888423,0.0428520482703878,0.04069506597489848,0.03983227305670275,0.040119870696101324,0.0404074683354999,0.04127026125369563,0.04141406007339492,0.04141406007339492,0.04055126715519919,0.04213305417189136,0.0428520482703878,0.0428520482703878,0.0428520482703878,0.04198925535219207,0.04184545653249278,0.04270824945068851,0.04256445063098922,0.04299584709008709,0.043283444729485664,0.04256445063098922,0.043427243549184945,0.04213305417189136,0.04184545653249278,0.041701657712793494,0.04256445063098922,0.042420651811289935,0.04141406007339492,0.041557858893094206,0.04098266361429705,0.03968847423700346,0.03781908958091272,0.0392570777779056,0.04069506597489848,0.04127026125369563,0.04098266361429705,0.04069506597489848,0.041557858893094206,0.041557858893094206,0.04227685299159065,0.04256445063098922,0.044290036467380674,0.04357104236888423,0.04227685299159065,0.041557858893094206,0.04198925535219207,0.044146237647681386,0.045728024664373555,0.044865231746177826,0.04443383528707996,0.04615942112347142,0.04558422584467427,0.04601562230377213,0.04702221404166715,0.04788500695986287,0.04745361050076501,0.045728024664373555,0.04443383528707996,0.044290036467380674,0.04457763410677925,0.04529662820527569,0.0440024388279821,0.04357104236888423,0.041701657712793494,0.040838864794597765,0.04026366951580061,0.04098266361429705,0.041557858893094206,0.0440024388279821,0.043427243549184945,0.042420651811289935,0.04270824945068851,0.044290036467380674,0.04558422584467427,0.04615942112347142,0.047309811681065725,0.04673461640226857,0.04615942112347142,0.0451528293855764,0.046590817582569284,0.04702221404166715,0.04702221404166715,0.046447018762869996,0.04673461640226857,0.04687841522196786,0.04774120814016358,0.04802880577956216,0.04860400105835931,0.04788500695986287,0.048316403418960735,0.04745361050076501,0.04687841522196786,0.0487477998780586,0.050617184534149345,0.0511923798129465,0.05047338571445006,0.05032958689475077,0.050617184534149345,0.05090478217354792,0.050617184534149345,0.051336178632645786,0.05263036800993937,0.04961059279625433,0.04817260459926145,0.04774120814016358,0.048316403418960735,0.04846020223866002,0.048316403418960735,0.05047338571445006,0.04889159869775789,0.04946679397655504,0.0487477998780586,0.04946679397655504,0.04946679397655504,0.049754391615953616,0.0487477998780586,0.049035397517457176,0.04846020223866002,0.04774120814016358,0.049035397517457176,0.04802880577956216,0.04774120814016358,0.04846020223866002,0.04817260459926145,0.047309811681065725,0.046447018762869996,0.04601562230377213,0.04716601286136644,0.04687841522196786,0.04702221404166715,0.04774120814016358,0.04932299515685575,0.050760983353848634,0.05162377627204436,0.05219897155084151,0.05378075856753368,0.05363695974783439,0.052486569190240084,0.051767575091743644,0.051479977452345074,0.05090478217354792,0.05219897155084151,0.0511923798129465,0.050760983353848634,0.051767575091743644,0.0511923798129465,0.05205517273114222,0.054068356206932254,0.054787350305428695,0.05636913732212086,0.05636913732212086,0.055650143223624424,0.05680053378121872,0.05751952787971516,0.05780712551911374,0.058094723158512315,0.058094723158512315,0.0570881314206173,0.05694433260091801,0.05449975266603012,0.05435595384633083,0.05507494794482727,0.05694433260091801,0.05608153968272228,0.056656734961519434,0.0582385219782116,0.058813717257008756,0.05910131489640733,0.05938891253580591,0.061545894831295224,0.062121090110092377,0.06168969365099451,0.05982030899490377,0.05982030899490377,0.058813717257008756,0.059964107814603054,0.059676510175204485,0.06010790663430234,0.05982030899490377,0.06039550427370092,0.06097069955249807,0.06097069955249807,0.06111449837219736,0.062264888929791665,0.061545894831295224,0.05910131489640733,0.06025170545400163,0.05982030899490377,0.06125829719189665,0.06097069955249807,0.060683101913099495,0.05982030899490377,0.06010790663430234,0.06111449837219736,0.06240868774949095,0.06168969365099451,0.06097069955249807,0.060683101913099495,0.06082690073279878,0.06053930309340021,0.06197729129039309,0.06125829719189665,0.06082690073279878,0.06010790663430234,0.059676510175204485,0.06082690073279878,0.06025170545400163,0.05938891253580591,0.05780712551911374,0.05751952787971516,0.056512936141820146,0.0570881314206173,0.05852611961761018,0.058957516076708044,0.058094723158512315,0.05866991843730947,0.0595327113555052,0.06039550427370092,0.06125829719189665,0.0631276818479874,0.06197729129039309,0.06284008420858882,0.06168969365099451,0.0631276818479874,0.06600365824197316,0.06585985942227386,0.06557226178287529,0.06672265234046959,0.06643505470107101,0.06643505470107101,0.06844823817686105,0.06988622637385393,0.07146801339054609,0.0688796346359589,0.06801684171776318,0.07089281811174894,0.07146801339054609,0.07175561102994467,0.07304980040723826,0.07204320866934324,0.07161181221024537,0.07189940984964395,0.07118041575114752,0.07233080630874182,0.07218700748904253,0.07161181221024537,0.07118041575114752,0.07204320866934324,0.0713242145708468,0.07520678270272757,0.07477538624362971,0.07405639214513328,0.07463158742393042,0.07592577680122402,0.07592577680122402,0.07592577680122402,0.07750756381791618,0.07822655791641263,0.0809587354906991,0.07837035673611191,0.08038354021190194,0.08110253431039838,0.08139013194979695,0.08167772958919553,0.08167772958919553,0.08023974139220265,0.08124633313009767,0.08282812014678984,0.08038354021190194,0.08239672368769198,0.08153393076949625,0.08139013194979695,0.0808149366709998,0.08282812014678984,0.0845537059831813,0.08584789536047488,0.08656688945897133,0.08369091306498556,0.0845537059831813,0.08512890126197845,0.08498510244227915,0.08656688945897133,0.08771728001656562,0.08742968237716704,0.09016185995145352,0.08901146939385922,0.08973046349235565,0.0940444280833343,0.09505101982122931,0.09188744578784497,0.0940444280833343,0.09562621510002646,0.09692040447732005,0.0963452091985229,0.09519481864092859,0.09720800211671862,0.0974955997561172,0.09562621510002646,0.0963452091985229,0.10166576552739655,0.10310375372438943,0.10065917378950154,0.09965258205160651,0.09994017969100509,0.0987897891334108,0.09907738677280938,0.09835839267431293,0.09677660565762077,0.09893358795311008,0.09648900801822219,0.09591381273942504,0.0987897891334108,0.10152196670769727,0.10195336316679512,0.10396654664258516,0.10439794310168302,0.10569213247897662,0.10928710297145881,0.1094309017911581,0.11029369470935382,0.11000609706995525,0.10885570651236094,0.10727391949566878,0.10655492539717235,0.10411034546228444,0.10554833365927732,0.10669872421687163,0.10569213247897662,0.10454174192138231,0.10353515018348729,0.10425414428198373,0.10511693720017946,0.10784911477446593,0.1071301206759695,0.11000609706995525,0.11144408526694813,0.11158788408664742,0.11273827464424171,0.11446386048063317,0.11446386048063317,0.11575804985792677,0.11475145812003175,0.11432006166093389,0.11388866520183602,0.11360106756243744,0.11144408526694813,0.11331346992303887,0.11345726874273816,0.11158788408664742,0.11403246402153532,0.11503905575943033,0.11805883097311537,0.1154704522185282,0.11834642861251395,0.11949681917010825,0.12136620382619899,0.11762743451401751,0.1190654227110104,0.12079100854740184,0.11949681917010825,0.1190654227110104,0.12035961208830398,0.12294799084289117,0.12582396723687692,0.1238107837610869,0.12337938730198902,0.12510497313838048,0.12337938730198902,0.1248173754989819,0.12683055897477194,0.12568016841717763,0.12424218022018475,0.12582396723687692,0.1236669849413876,0.12539257077777904,0.1272619554338698,0.12812474835206553,0.13258251176274344,0.1357460857961278,0.1366088787143235,0.1367526775340228,0.13704027517342138,0.1354584881567292,0.13632128107492494,0.13991625156740714,0.14077904448560286,0.14192943504319716,0.1391972574689107,0.1357460857961278,0.13588988461582707,